        Time     State_1     State_2     State_3
      0.0000    100.0000      0.0000      0.0000
      0.0100     99.0050      0.9900      0.0050
      0.0200     98.0200      1.9604      0.0196
      0.0300     97.0450      2.9113      0.0437
      0.0400     96.0800      3.8432      0.0769
      0.0500     95.1249      4.7562      0.1189
      0.0600     94.1798      5.6506      0.1695
      0.0700     93.2447      6.5269      0.2284
      0.0800     92.3195      7.3851      0.2954
      0.0900     91.4042      8.2256      0.3701
      0.1000     90.4988      9.0488      0.4524
      0.1100     89.6033      9.8547      0.5420
      0.1200     88.7176     10.6438      0.6386
      0.1300     87.8417     11.4163      0.7420
      0.1400     86.9756     12.1724      0.8520
      0.1500     86.1192     12.9124      0.9684
      0.1600     85.2726     13.6366      1.0908
      0.1700     84.4356     14.3452      1.2192
      0.1800     83.6082     15.0385      1.3533
      0.1900     82.7905     15.7167      1.4928
      0.2000     81.9822     16.3801      1.6377
      0.2100     81.1835     17.0288      1.7876
      0.2200     80.3943     17.6632      1.9424
      0.2300     79.6145     18.2835      2.1020
      0.2400     78.8440     18.8899      2.2660
      0.2500     78.0829     19.4827      2.4344
      0.2600     77.3311     20.0620      2.6069
      0.2700     76.5884     20.6282      2.7834
      0.2800     75.8549     21.1813      2.9638
      0.2900     75.1306     21.7217      3.1477
      0.3000     74.4153     22.2496      3.3352
      0.3100     73.7090     22.7651      3.5260
      0.3200     73.0116     23.2685      3.7199
      0.3300     72.3231     23.7600      3.9169
      0.3400     71.6434     24.2398      4.1167
      0.3500     70.9725     24.7082      4.3193
      0.3600     70.3104     25.1652      4.5245
      0.3700     69.6568     25.6111      4.7321
      0.3800     69.0118     26.0462      4.9420
      0.3900     68.3754     26.4705      5.1541
      0.4000     67.7474     26.8843      5.3683
      0.4100     67.1278     27.2878      5.5844
      0.4200     66.5165     27.6812      5.8023
      0.4300     65.9135     28.0646      6.0219
      0.4400     65.3187     28.4382      6.2431
      0.4500     64.7319     28.8023      6.4658
      0.4600     64.1533     29.1569      6.6898
      0.4700     63.5827     29.5022      6.9151
      0.4800     63.0199     29.8385      7.1415
      0.4900     62.4651     30.1659      7.3690
      0.5000     61.9180     30.4846      7.5974
      0.5100     61.3786     30.7947      7.8267
      0.5200     60.8469     31.0963      8.0568
      0.5300     60.3228     31.3897      8.2875
      0.5400     59.8062     31.6750      8.5188
      0.5500     59.2970     31.9524      8.7506
      0.5600     58.7952     32.2220      8.9828
      0.5700     58.3008     32.4839      9.2153
      0.5800     57.8135     32.7384      9.4481
      0.5900     57.3334     32.9855      9.6811
      0.6000     56.8604     33.2254      9.9142
      0.6100     56.3945     33.4582     10.1473
      0.6200     55.9355     33.6841     10.3804
      0.6300     55.4834     33.9033     10.6134
      0.6400     55.0381     34.1158     10.8462
      0.6500     54.5995     34.3218     11.0787
      0.6600     54.1676     34.5214     11.3110
      0.6700     53.7423     34.7147     11.5429
      0.6800     53.3236     34.9020     11.7744
      0.6900     52.9113     35.0832     12.0055
      0.7000     52.5055     35.2586     12.2360
      0.7100     52.1059     35.4282     12.4659
      0.7200     51.7126     35.5922     12.6952
      0.7300     51.3255     35.7506     12.9238
      0.7400     50.9446     35.9037     13.1517
      0.7500     50.5697     36.0515     13.3788
      0.7600     50.2007     36.1941     13.6052
      0.7700     49.8377     36.3317     13.8306
      0.7800     49.4806     36.4643     14.0552
      0.7900     49.1292     36.5920     14.2788
      0.8000     48.7835     36.7150     14.5014
      0.8100     48.4435     36.8334     14.7230
      0.8200     48.1091     36.9473     14.9436
      0.8300     47.7802     37.0567     15.1631
      0.8400     47.4568     37.1618     15.3815
      0.8500     47.1387     37.2626     15.5987
      0.8600     46.8259     37.3593     15.8147
      0.8700     46.5184     37.4520     16.0296
      0.8800     46.2161     37.5407     16.2432
      0.8900     45.9190     37.6255     16.4555
      0.9000     45.6268     37.7066     16.6666
      0.9100     45.3397     37.7840     16.8763
      0.9200     45.0576     37.8577     17.0847
      0.9300     44.7802     37.9280     17.2918
      0.9400     44.5078     37.9948     17.4974
      0.9500     44.2400     38.0583     17.7017
      0.9600     43.9770     38.1185     17.9046
      0.9700     43.7186     38.1755     18.1060
      0.9800     43.4647     38.2294     18.3059
      0.9900     43.2154     38.2802     18.5044
      1.0000     42.9705     38.3281     18.7015
      1.0100     42.7300     38.3731     18.8970
      1.0200     42.4938     38.4152     19.0910
      1.0300     42.2619     38.4547     19.2834
      1.0400     42.0342     38.4914     19.4744
      1.0500     41.8107     38.5255     19.6638
      1.0600     41.5912     38.5571     19.8516
      1.0700     41.3759     38.5863     20.0379
      1.0800     41.1645     38.6130     20.2226
      1.0900     40.9570     38.6373     20.4057
      1.1000     40.7534     38.6594     20.5872
      1.1100     40.5537     38.6792     20.7671
      1.1200     40.3577     38.6969     20.9455
      1.1300     40.1654     38.7124     21.1222
      1.1400     39.9768     38.7260     21.2973
      1.1500     39.7918     38.7375     21.4707
      1.1600     39.6103     38.7471     21.6426
      1.1700     39.4324     38.7548     21.8128
      1.1800     39.2579     38.7606     21.9814
      1.1900     39.0869     38.7647     22.1484
      1.2000     38.9192     38.7671     22.3138
      1.2100     38.7547     38.7678     22.4775
      1.2200     38.5936     38.7668     22.6396
      1.2300     38.4356     38.7643     22.8000
      1.2400     38.2809     38.7603     22.9588
      1.2500     38.1292     38.7548     23.1161
      1.2600     37.9806     38.7478     23.2716
      1.2700     37.8350     38.7394     23.4256
      1.2800     37.6924     38.7297     23.5779
      1.2900     37.5527     38.7187     23.7286
      1.3000     37.4159     38.7064     23.8777
      1.3100     37.2819     38.6929     24.0252
      1.3200     37.1507     38.6782     24.1711
      1.3300     37.0223     38.6624     24.3153
      1.3400     36.8966     38.6454     24.4580
      1.3500     36.7735     38.6274     24.5991
      1.3600     36.6531     38.6083     24.7386
      1.3700     36.5352     38.5883     24.8765
      1.3800     36.4199     38.5673     25.0128
      1.3900     36.3071     38.5454     25.1476
      1.4000     36.1967     38.5225     25.2808
      1.4100     36.0887     38.4989     25.4124
      1.4200     35.9831     38.4744     25.5425
      1.4300     35.8799     38.4490     25.6710
      1.4400     35.7790     38.4230     25.7981
      1.4500     35.6803     38.3962     25.9235
      1.4600     35.5838     38.3687     26.0475
      1.4700     35.4895     38.3405     26.1700
      1.4800     35.3974     38.3117     26.2909
      1.4900     35.3074     38.2822     26.4104
      1.5000     35.2195     38.2522     26.5284
      1.5100     35.1336     38.2216     26.6449
      1.5200     35.0497     38.1904     26.7599
      1.5300     34.9678     38.1588     26.8735
      1.5400     34.8878     38.1266     26.9856
      1.5500     34.8097     38.0940     27.0963
      1.5600     34.7335     38.0609     27.2056
      1.5700     34.6591     38.0275     27.3134
      1.5800     34.5866     37.9936     27.4199
      1.5900     34.5158     37.9593     27.5249
      1.6000     34.4467     37.9247     27.6285
      1.6100     34.3794     37.8898     27.7308
      1.6200     34.3138     37.8545     27.8317
      1.6300     34.2498     37.8190     27.9313
      1.6400     34.1874     37.7831     28.0295
      1.6500     34.1266     37.7470     28.1264
      1.6600     34.0674     37.7107     28.2219
      1.6700     34.0097     37.6742     28.3161
      1.6800     33.9535     37.6374     28.4091
      1.6900     33.8988     37.6005     28.5007
      1.7000     33.8455     37.5634     28.5911
      1.7100     33.7937     37.5262     28.6802
      1.7200     33.7432     37.4888     28.7680
      1.7300     33.6942     37.4513     28.8546
      1.7400     33.6464     37.4136     28.9399
      1.7500     33.6000     37.3759     29.0241
      1.7600     33.5549     37.3381     29.1070
      1.7700     33.5111     37.3003     29.1887
      1.7800     33.4685     37.2623     29.2692
      1.7900     33.4271     37.2244     29.3486
      1.8000     33.3869     37.1864     29.4267
      1.8100     33.3479     37.1484     29.5037
      1.8200     33.3100     37.1104     29.5796
      1.8300     33.2732     37.0724     29.6544
      1.8400     33.2376     37.0344     29.7280
      1.8500     33.2030     36.9965     29.8005
      1.8600     33.1695     36.9585     29.8719
      1.8700     33.1371     36.9207     29.9422
      1.8800     33.1056     36.8829     30.0115
      1.8900     33.0752     36.8451     30.0797
      1.9000     33.0457     36.8075     30.1468
      1.9100     33.0172     36.7699     30.2129
      1.9200     32.9896     36.7324     30.2779
      1.9300     32.9630     36.6951     30.3420
      1.9400     32.9372     36.6578     30.4050
      1.9500     32.9123     36.6206     30.4670
      1.9600     32.8883     36.5836     30.5281
      1.9700     32.8651     36.5467     30.5882
      1.9800     32.8427     36.5100     30.6473
      1.9900     32.8212     36.4734     30.7054
      2.0000     32.8004     36.4370     30.7626
